[header]
width=80
height=60
tilewidth=23
tileheight=23
orientation=orthogonal

[tilesets]
tileset=../Downloads/CS3113-master/CS3113-master/assets/graphics/Archive (500 assets)/Platformer assets pixel (retired, 380 assets)/spritesheet.png,23,23,0,0

[layer]
type=Location
data=
33,33,33,33,33,33,33,33,33,33,33,33,33,33,33,33,33,33,33,33,33,33,33,33,33,33,33,33,33,33,33,33,33,33,33,33,33,33,33,33,33,33,33,33,33,33,33,33,33,33,33,33,33,33,33,33,33,33,33,33,33,33,33,33,33,33,33,33,33,33,33,33,33,33,33,33,33,33,33,33,
33,0,0,0,0,0,0,0,0,0,0,33,33,33,33,33,33,33,33,33,33,33,33,33,33,33,33,33,33,33,33,33,0,0,0,0,0,0,0,0,0,0,33,33,33,33,33,33,33,33,0,0,0,0,33,33,0,0,0,0,0,0,0,0,0,0,0,0,0,0,0,0,0,0,0,0,0,0,0,33,
33,0,0,0,0,0,0,0,0,0,0,33,33,33,33,33,33,33,33,33,33,33,33,33,33,33,33,33,0,0,0,0,0,0,0,0,0,0,0,0,0,0,33,33,33,0,0,0,0,33,0,0,0,0,33,33,0,0,0,0,0,0,0,0,0,0,0,0,0,0,0,0,0,0,0,0,0,0,0,33,
33,0,0,0,0,0,0,0,0,0,0,33,33,33,33,33,33,33,33,33,33,33,33,33,33,33,33,33,0,0,0,0,0,0,0,0,0,0,0,0,0,0,33,33,33,0,0,0,0,33,0,0,0,0,33,33,0,0,0,0,0,0,0,0,0,0,0,0,0,0,0,0,0,0,0,0,0,0,0,33,
33,0,0,0,0,0,0,0,0,0,0,33,33,33,33,33,33,33,33,33,33,33,33,33,33,33,33,33,0,0,0,0,0,0,0,0,0,0,0,0,0,0,33,33,33,0,0,0,0,33,0,0,0,0,33,33,0,0,0,0,0,0,71,71,0,0,0,0,71,0,0,0,71,71,0,0,0,0,15,33,
33,33,33,33,33,33,33,0,0,0,0,0,0,33,33,33,33,33,33,33,33,33,33,33,33,33,33,33,0,0,0,0,0,0,0,0,0,0,0,0,101,0,33,33,33,0,0,0,0,225,0,0,0,131,33,33,0,0,0,33,33,33,33,33,33,33,33,33,33,33,33,33,33,33,33,33,33,33,33,33,
33,0,0,0,0,0,33,0,0,0,0,0,0,33,33,33,33,33,33,33,33,33,33,33,33,33,33,33,0,0,0,0,33,33,33,33,33,33,33,33,103,33,33,33,33,33,0,33,33,0,33,33,33,33,33,33,33,0,0,0,0,0,0,0,0,0,0,0,0,0,0,0,0,0,0,0,0,0,0,33,
33,0,0,0,0,0,33,0,0,0,0,0,0,33,33,33,33,33,33,33,33,33,33,33,33,33,33,33,0,0,0,0,33,33,33,33,33,33,33,33,103,33,33,33,33,33,103,33,33,33,0,0,0,0,0,0,0,0,0,0,0,0,0,0,0,0,0,0,0,0,0,0,0,0,0,0,0,0,0,33,
33,0,0,0,0,0,33,0,0,0,0,0,0,0,0,0,0,0,0,0,0,0,0,0,0,0,0,0,0,0,0,0,33,33,33,33,33,33,33,33,103,33,33,33,33,33,103,33,33,33,0,0,0,0,0,0,0,0,0,0,0,0,0,0,0,0,0,0,0,0,0,0,0,0,0,0,0,0,0,33,
33,0,0,0,0,45,33,0,0,0,0,0,0,0,0,0,0,0,0,0,0,0,0,0,0,0,0,0,0,0,0,0,33,33,33,33,33,33,33,33,103,33,33,33,33,33,103,33,33,33,0,0,0,0,0,0,0,33,33,71,71,0,0,0,0,0,0,71,71,0,0,0,0,0,0,0,0,0,0,33,
33,0,0,35,33,33,33,0,0,71,71,0,0,0,0,0,0,0,0,0,0,0,0,0,0,0,0,0,0,71,0,0,33,33,33,33,33,33,33,33,103,33,33,33,33,33,103,33,33,33,0,0,0,0,0,0,0,153,153,153,153,153,0,0,0,153,153,153,153,153,153,0,0,153,153,33,33,155,0,33,
33,0,0,0,0,33,33,33,33,33,33,33,33,33,33,33,33,33,33,33,33,33,33,33,33,33,33,33,33,33,33,33,33,0,0,0,0,0,0,0,103,0,0,0,0,0,103,0,0,33,0,0,0,0,0,0,0,0,0,0,0,0,0,0,0,0,0,0,0,0,0,0,0,0,0,0,0,0,0,33,
33,0,0,0,0,33,0,0,0,0,0,0,0,0,0,0,0,0,0,0,0,0,0,0,0,0,0,0,0,0,0,0,0,0,0,0,0,0,0,0,103,0,0,0,0,0,103,0,0,33,0,0,0,0,0,0,0,0,0,0,0,0,0,0,0,0,0,0,0,0,0,0,0,0,0,0,0,0,0,33,
33,33,33,0,0,33,0,0,0,0,0,0,0,0,0,0,0,0,0,0,0,0,0,0,0,0,0,0,0,0,0,0,0,0,0,0,0,0,0,0,103,0,0,0,0,0,103,0,0,33,0,0,0,0,0,0,0,0,0,0,0,0,0,0,0,0,0,0,0,0,0,0,0,0,0,0,0,0,33,33,
33,0,0,0,0,33,0,0,0,0,0,0,0,0,0,0,0,0,0,0,0,0,0,0,0,0,0,0,0,0,0,0,0,0,0,0,0,0,0,0,103,0,0,0,0,0,33,0,0,33,0,0,0,0,0,0,71,0,0,0,0,0,71,0,0,0,0,0,0,0,0,71,0,0,0,0,0,33,33,33,
33,0,0,0,0,33,0,0,0,0,0,0,0,0,0,0,0,0,0,0,0,0,0,0,0,0,0,0,0,0,0,0,3,33,33,33,33,33,33,33,33,33,33,33,33,33,33,33,33,33,0,0,0,0,153,153,153,153,0,0,0,153,153,153,153,0,0,0,0,153,153,153,153,153,0,0,33,33,33,33,
33,0,0,35,35,33,0,0,0,0,0,0,0,0,0,0,0,0,0,0,0,0,0,0,0,0,0,0,0,0,0,3,37,33,33,33,33,33,33,33,33,33,33,33,33,33,33,33,33,33,33,0,0,0,0,0,0,0,0,0,0,0,0,0,0,0,0,0,0,0,0,0,0,0,0,0,0,0,0,33,
33,0,0,0,0,33,0,0,0,0,0,0,0,0,0,0,0,0,0,0,0,0,0,0,0,71,71,0,0,0,3,37,33,33,0,0,0,0,0,33,0,0,0,0,0,0,0,0,0,0,33,0,0,0,0,0,0,0,0,0,0,0,0,0,0,0,0,0,0,0,0,0,0,0,0,0,0,0,0,33,
33,0,0,0,0,33,0,0,0,0,3,153,153,153,153,153,153,153,153,153,103,0,33,33,33,33,33,33,33,33,33,33,33,33,0,0,0,0,0,33,0,0,0,0,0,0,0,0,0,0,33,33,0,0,0,0,0,0,0,0,0,0,0,0,0,0,0,0,0,0,0,0,0,0,0,0,0,0,0,33,
33,33,0,0,0,35,0,0,0,3,37,0,0,0,0,0,0,0,0,0,103,0,0,0,0,0,0,0,0,0,0,0,0,0,0,0,0,0,0,33,0,0,0,0,0,0,0,0,0,0,33,33,33,0,0,0,0,0,0,0,0,0,0,0,0,0,0,0,0,0,0,0,0,0,0,0,0,0,0,33,
33,0,0,0,0,195,0,0,3,37,0,0,0,0,0,0,0,0,0,0,103,0,0,0,0,0,0,0,0,0,0,0,0,0,0,0,0,0,0,33,0,0,0,0,0,0,0,0,0,0,33,33,33,33,0,0,0,0,0,0,0,0,0,0,0,0,0,0,0,0,0,0,0,0,0,0,0,0,0,33,
33,33,33,33,33,0,33,33,33,0,0,0,0,0,0,0,0,0,0,0,103,0,0,0,0,0,0,0,0,0,0,0,0,0,0,0,0,0,0,33,33,33,33,33,33,33,33,33,33,33,33,33,33,33,33,33,33,33,0,0,0,0,0,0,0,0,0,0,0,0,0,0,0,0,0,0,0,0,0,33,
33,33,0,0,0,33,0,0,0,0,0,0,0,0,0,0,0,0,0,0,103,0,0,0,0,0,0,0,0,0,0,0,0,0,0,0,0,0,0,33,0,0,0,0,0,0,0,0,0,0,0,0,0,0,0,0,0,0,0,0,0,0,0,0,0,0,0,0,0,0,0,0,0,0,0,0,0,0,0,33,
33,33,0,0,0,0,0,0,0,0,0,0,0,0,0,0,0,0,0,0,103,0,0,0,0,0,0,0,0,0,0,0,0,0,0,0,0,0,0,33,0,0,0,0,0,0,0,0,0,0,0,0,0,0,0,0,0,0,0,0,0,71,0,0,71,71,0,0,0,0,0,0,0,0,0,0,0,0,0,33,
33,33,0,0,0,0,0,0,0,0,0,0,0,0,0,0,0,0,0,0,103,0,0,0,0,0,0,0,0,0,0,0,0,0,0,0,0,0,0,33,0,0,0,0,0,0,0,0,0,0,0,0,0,0,0,0,0,0,0,153,153,153,153,153,153,153,153,153,153,153,0,0,0,0,0,0,0,0,0,33,
33,33,0,0,0,0,0,0,0,0,0,0,0,0,3,153,153,153,153,153,153,153,153,153,153,3,0,0,0,0,0,0,0,0,0,0,0,0,0,226,0,0,0,0,0,0,0,0,0,0,0,0,0,0,0,0,0,0,0,0,0,0,0,0,0,0,0,0,0,0,0,0,0,0,0,0,0,0,0,33,
33,33,0,0,0,0,0,0,0,0,0,71,0,3,37,153,153,153,153,153,153,153,153,153,153,153,153,153,153,153,153,153,153,153,153,153,153,153,153,0,3,0,0,0,0,0,0,0,0,0,0,0,0,0,0,0,0,0,0,0,0,0,0,0,0,0,0,0,0,0,0,0,0,71,71,0,0,0,0,33,
33,33,0,0,0,0,0,0,153,153,153,153,153,153,153,153,153,153,153,153,153,153,153,153,153,153,153,153,153,153,153,153,153,153,153,153,153,153,153,153,38,3,0,0,0,0,0,0,0,0,0,0,0,0,0,0,0,0,0,0,0,0,0,0,0,0,0,0,0,0,153,153,153,153,153,153,153,0,0,33,
33,0,0,0,0,0,0,0,153,153,153,153,153,153,153,153,153,153,153,153,153,153,153,153,153,153,153,153,153,153,153,153,153,153,153,153,153,153,153,153,153,38,3,0,0,0,0,0,0,0,0,0,0,0,0,0,0,0,0,0,0,0,0,0,0,0,0,0,0,0,0,0,0,0,0,0,0,0,0,33,
33,0,0,0,0,0,153,153,153,153,153,153,153,153,153,153,153,153,153,153,153,153,153,153,153,153,153,153,153,153,153,153,153,153,153,153,153,153,153,153,153,153,38,3,0,0,0,0,0,0,0,0,0,0,0,0,0,0,0,0,0,0,0,0,0,0,0,0,0,0,0,0,0,0,0,0,0,0,3,37,
33,0,0,0,0,0,0,0,153,153,153,153,153,153,153,153,153,153,153,153,153,153,153,153,153,153,153,153,153,153,153,153,153,153,153,153,153,153,153,153,153,153,153,38,3,0,0,0,0,0,0,0,0,0,0,0,0,0,0,0,0,0,0,0,0,0,0,0,0,0,0,0,0,0,0,0,0,3,37,153,
33,0,0,153,153,0,0,0,0,0,0,0,0,153,153,153,153,153,0,0,0,0,0,0,0,0,0,0,0,0,0,0,0,0,0,0,0,0,0,153,153,153,153,153,38,3,0,0,0,0,0,0,0,0,0,0,0,0,0,0,0,0,0,0,0,0,0,0,0,0,0,0,0,0,0,0,3,37,153,153,
33,0,0,0,0,0,0,0,0,0,0,0,0,153,153,153,153,153,0,0,0,0,0,0,0,0,0,0,0,0,0,0,0,0,0,0,0,0,0,153,153,153,153,153,153,38,3,0,0,0,0,71,71,0,0,71,71,0,0,71,71,0,0,71,71,0,0,0,0,71,71,0,0,0,0,3,37,153,153,153,
33,0,0,0,0,0,0,0,0,0,0,0,0,153,153,153,153,153,0,0,0,0,0,0,0,0,0,0,0,0,0,0,0,0,0,0,0,0,0,153,153,153,153,153,153,153,153,153,153,153,153,153,153,153,153,153,153,153,153,153,153,153,153,153,153,153,153,153,153,153,153,153,153,153,153,153,153,153,153,153,
33,33,0,0,0,0,0,0,0,0,0,0,0,153,153,153,153,153,0,0,0,0,0,0,0,0,0,0,0,0,71,0,0,71,0,0,0,0,16,153,153,153,153,153,153,153,0,0,0,0,0,0,0,0,0,0,0,0,0,0,0,0,0,0,0,0,0,0,0,0,0,0,0,0,0,0,0,0,0,153,
33,0,0,0,0,0,0,0,0,0,0,0,0,153,153,153,153,153,0,0,0,153,153,153,153,0,0,153,153,153,153,153,153,153,153,153,153,153,153,153,153,153,153,153,153,153,0,0,0,0,0,0,0,0,0,0,0,0,0,0,0,0,0,0,0,0,0,0,0,0,0,0,0,0,0,0,0,0,0,153,
33,0,0,0,0,0,0,0,0,0,0,0,0,153,153,153,153,153,0,153,0,0,0,0,0,0,0,0,0,0,0,0,0,0,0,0,0,0,0,0,0,0,0,0,0,153,0,0,0,0,0,0,0,0,0,0,0,0,0,0,0,0,0,0,0,0,0,0,0,0,0,0,0,0,0,0,0,0,0,153,
33,0,0,0,0,0,0,0,0,0,0,0,0,153,153,153,153,153,0,0,0,0,0,0,0,0,0,0,0,0,0,0,0,0,0,0,0,0,0,0,0,0,0,0,0,153,0,0,0,0,0,0,0,0,0,0,0,0,0,0,0,0,0,0,0,0,0,0,0,0,0,0,0,0,0,0,0,0,0,153,
33,0,153,153,0,0,0,0,0,0,0,0,0,153,153,153,153,153,0,0,0,0,0,0,0,0,0,0,0,0,0,0,0,0,0,0,0,0,0,0,0,0,0,0,0,153,0,0,0,0,0,0,0,0,71,71,0,0,0,0,71,71,0,0,0,71,71,0,0,71,71,0,0,0,71,71,0,0,46,153,
33,0,0,0,0,153,153,153,0,0,0,0,0,153,153,153,153,153,153,0,0,0,0,0,0,0,0,0,0,0,0,0,0,0,0,0,0,0,0,0,0,0,0,0,0,153,153,0,0,0,153,153,153,153,153,153,153,153,153,153,153,153,153,153,153,153,153,153,153,153,153,153,153,153,153,153,153,153,153,153,
33,0,0,0,0,0,0,0,0,0,0,0,0,153,153,153,153,153,0,0,0,0,71,0,0,0,0,0,0,0,0,0,0,0,0,0,0,0,0,0,0,0,0,0,0,153,0,0,0,0,0,0,0,0,0,0,0,0,0,0,0,0,0,0,0,0,0,0,0,0,0,0,0,0,0,0,0,0,0,153,
33,0,0,0,0,0,0,0,0,0,0,153,153,153,153,153,153,153,153,153,153,153,153,153,153,0,0,0,0,0,0,0,0,0,0,0,0,0,0,0,0,0,0,0,0,153,153,0,0,0,0,0,0,0,0,0,0,0,0,0,0,0,0,0,0,0,0,0,0,0,0,0,0,0,0,0,0,0,0,153,
33,0,0,0,0,0,0,0,0,0,153,0,0,0,0,0,0,0,0,0,0,0,0,0,0,0,0,0,0,0,0,0,0,0,0,0,0,0,0,0,0,0,0,0,0,153,153,153,0,0,0,0,0,0,0,0,0,0,0,0,0,0,0,0,0,0,0,0,0,0,0,0,0,0,0,0,0,0,0,153,
33,0,0,0,0,0,0,0,0,153,153,0,0,0,0,0,0,0,0,0,0,0,0,0,0,0,0,0,0,0,0,0,0,0,0,0,0,0,0,0,0,0,0,0,0,153,153,153,153,0,0,0,0,0,0,0,0,0,0,0,0,0,0,0,0,0,0,0,0,0,0,0,0,0,0,0,0,0,0,153,
33,0,0,0,0,0,0,0,0,153,153,0,0,0,0,0,0,0,0,0,0,0,0,0,0,0,153,153,0,0,0,0,0,0,0,0,0,0,0,0,0,0,0,0,0,153,153,153,153,153,153,153,0,0,0,0,0,0,0,0,0,0,0,0,0,0,0,0,0,0,0,0,0,0,0,0,0,0,0,153,
33,0,0,0,0,0,0,0,153,153,153,0,0,0,0,0,0,0,0,0,0,0,0,0,0,0,0,0,0,0,0,0,0,0,0,0,0,0,0,0,0,0,0,0,0,153,0,0,0,0,0,0,0,0,0,0,71,0,0,71,71,0,0,0,71,71,0,0,0,0,71,71,0,0,0,0,0,0,0,153,
33,0,0,0,0,0,0,0,153,153,153,0,0,0,0,0,0,0,0,0,0,0,0,0,0,0,0,0,0,0,0,0,0,0,0,0,0,0,0,0,0,0,0,0,0,153,0,0,0,0,0,0,0,153,153,153,153,153,153,153,153,153,153,153,153,153,153,153,153,153,153,153,153,153,153,153,153,0,0,153,
33,0,0,0,0,0,0,153,153,153,153,0,0,0,0,0,0,0,0,0,0,0,0,0,0,0,0,0,0,153,153,0,0,0,0,0,0,0,0,0,0,0,0,0,0,153,0,0,0,0,0,0,0,0,0,0,0,0,0,0,0,0,0,0,0,0,0,0,0,0,0,0,0,0,0,0,0,0,0,153,
33,0,0,0,0,0,153,153,153,0,0,0,0,0,0,0,0,0,0,0,0,0,0,0,0,0,0,0,0,0,0,0,0,0,0,0,0,0,0,0,0,0,0,0,0,153,0,0,0,0,0,0,0,0,0,0,0,0,0,0,0,0,0,0,0,0,0,0,0,0,0,0,0,0,0,0,0,0,153,153,
33,0,0,0,0,0,153,153,0,0,0,0,0,0,0,0,0,0,0,0,0,0,0,0,0,0,0,0,0,0,0,0,0,153,153,0,0,0,0,0,0,0,0,0,0,153,0,0,0,0,0,0,0,0,0,0,0,0,0,0,0,0,0,0,0,0,0,0,0,0,0,0,0,0,0,0,0,153,153,153,
33,0,0,153,153,153,153,0,0,0,0,0,0,0,0,0,0,0,0,0,0,0,0,0,0,0,0,0,0,0,0,0,0,0,0,0,0,0,0,0,0,71,0,0,0,196,0,0,0,0,0,0,0,0,0,0,0,0,0,0,0,0,0,0,0,0,0,0,0,0,0,0,0,0,0,0,153,153,153,153,
33,0,0,0,0,0,0,0,0,0,0,0,0,0,0,0,0,0,0,0,0,0,0,0,0,0,0,0,0,0,0,0,0,0,0,0,0,153,0,153,153,153,153,153,153,0,153,0,0,0,71,0,0,0,0,0,0,71,0,0,0,0,0,0,0,71,0,0,0,0,0,0,71,0,0,153,153,153,153,153,
33,0,0,0,0,0,0,0,0,0,0,0,0,0,0,0,0,0,0,0,0,0,0,0,153,153,0,0,0,153,153,153,153,153,153,153,153,153,153,153,153,153,153,153,153,153,0,0,0,153,153,153,35,0,0,0,153,153,153,153,35,0,0,0,153,153,153,153,0,0,0,153,153,153,153,153,153,153,153,153,
33,0,0,0,0,0,0,0,0,0,0,0,0,0,0,0,0,0,0,0,0,0,0,153,153,153,0,0,0,0,0,0,0,0,0,0,0,0,0,0,0,0,0,0,0,153,0,0,0,153,153,153,0,0,0,0,153,153,153,153,0,0,0,0,153,153,153,153,0,0,0,153,153,153,153,153,153,153,153,153,
33,3,0,0,0,0,0,0,0,0,0,0,0,0,0,0,0,0,0,0,0,0,153,153,153,153,0,0,0,0,0,0,0,0,0,0,0,0,0,0,0,0,0,0,0,153,0,0,0,153,153,153,0,0,0,0,153,153,153,153,0,0,0,0,153,153,153,153,0,0,0,153,153,153,153,153,153,153,153,153,
33,38,3,0,0,0,0,0,0,0,0,0,0,0,0,0,0,0,0,0,0,0,0,0,0,0,0,0,0,0,0,0,0,0,0,0,0,0,0,0,0,0,0,0,0,153,0,0,0,153,153,153,0,0,0,0,153,153,153,153,0,0,0,0,153,153,153,153,0,0,0,153,153,153,153,153,153,153,153,153,
33,33,38,3,0,0,0,0,0,0,0,0,0,0,153,153,0,0,153,153,0,0,0,0,0,0,0,0,0,0,0,0,0,0,0,0,0,0,0,0,0,0,0,0,0,153,0,0,0,153,153,153,0,0,0,0,153,153,153,153,0,0,0,0,153,153,153,153,0,0,0,153,153,153,153,153,153,153,153,153,
33,33,33,38,3,0,0,0,0,0,0,153,153,0,0,0,0,0,0,0,0,0,0,0,0,0,0,0,0,0,0,0,0,0,0,0,0,0,0,0,0,0,0,0,0,153,0,0,0,153,153,153,0,0,0,0,153,153,153,153,0,0,0,0,153,153,153,153,0,0,0,153,153,153,153,153,153,153,153,153,
33,33,33,33,38,3,0,0,0,0,0,0,0,0,0,0,0,0,0,0,0,0,0,0,0,0,0,0,0,0,0,0,0,0,0,0,0,0,0,0,0,0,0,0,0,153,0,0,0,153,153,153,0,0,0,0,153,153,153,153,0,0,0,0,153,153,153,153,0,0,0,153,153,153,153,153,153,153,153,153,
33,33,33,33,33,33,33,33,33,71,71,71,71,71,71,71,71,71,71,71,71,71,71,71,71,71,71,71,71,71,71,71,71,71,71,71,71,71,71,71,71,71,71,71,71,153,71,71,71,153,153,153,71,71,71,71,153,153,153,153,71,71,71,71,153,153,153,153,71,71,71,153,153,153,153,153,153,153,153,153

[Object Layer 1]
# Player
type=Player
location=1,4,1,1

